decimal -> octal
24	71	31
66	21	65
98	45	18
16	9	90
6	37	83


Decimal -> hexa
33	92	36
21	47	24
94	18	34
87	43	22
88	98	56


decimal -> binario
11	35	46
77	94	61
5	81	91
82	58	21
90	7	28


octal -> decimal
41	54	74
4	34	5
27	26	63
73	43	24
22	44	76


hexa -> decimal
88(58)	87(57)	46(2E)
30(1E)	93(5D)	72(48)
60(3C)	78(4E)	6(6)
71(47)	65(41)	73(49)
69(45)	33(21)	95(5F)


binario -> decimal 
28(11100)	5(0101)	        21(10101)
45(101101)	75(1001011)	47(101111)
74(1001010)	79(1001111)	56(111000)
24(11000)	17(10001)	73(1001001)
76(1001100)	49(110001)	64(1000000)


